-85
-85 56.52
-80
-80 56.96
-75
-75 57.48
-70
-70 60.42
-65
-65 58.69
-60
-60 65.15
-55
-55 60.06
-50
-50 58.28
-45
-45 59.74
-40
-40 58.17
-35
-35 57.54
-30
-30 57.47
-25
-25 15.17
-20
-20 14.2
-15
-15 13.43
-10
-10 11.63
-5
-5 11.51
0
0 11.69
5
5 11.51
10
10 12.37
15
15 12.77
20
20 13.38
25
25 11.67
30
30 12.47
35
35 13.25
40
40 14.29
45
45 48.76
50
50 49.65
55
55 49.57
60
60 49.61
65
65 49.61
70
70 53.5
75
75 49.34
80
80 48.89
85
85 48.18
90.0
90.0 48.41
[[(18, 37), (20, 37), (21, 36), (22, 35), (23, 35), (24, 35), (25, 35), (26, 36), (27, 36), (28, 36), (28, 34), (30, 34), (31, 34), (33, 34)]]
18 37 20 37
20 37 21 36
21 36 22 35
22 35 23 35
23 35 24 35
24 35 25 35
25 35 26 36
26 36 27 36
27 36 28 36
28 36 28 34
28 34 30 34
30 34 31 34
31 34 33 34
..................................................
..................................................
..................................................
..................................................
..................................................
..................................................
..................................................
..................................................
..................................................
..................................................
..................................................
..................................................
..................XXX.............................
.....................X....XXX.....................
......................XXXX..X.....................
............................XXXXXX................
..................................................
..................................................
..................................................
..................................................
..................................................
..................................................
..................................................
..................................................
..................................................
..................................................
..................................................
..................................................
..................................................
..................................................
..................................................
..................................................
..................................................
..................................................
..................................................
..................................................
..................................................
..................................................
..................................................
..................................................
..................................................
..................................................
..................................................
..................................................
..................................................
..................................................
..................................................
..................................................
..................................................
..................................................
